# Cuboid dimension in cm x,y,z
dimensions: {
    "cracker": [16.403600692749023,21.343700408935547,7.179999828338623],
    "sugar": [9.267730712890625,17.625339508056641,4.5134143829345703],
    "soup": [6.7659378051757813,10.185500144958496,6.771425724029541],
    "mustard": [9.6024150848388672,19.130100250244141,5.824894905090332],
    "gelatin": [8.918299674987793, 7.311500072479248, 2.9983000755310059],
    "meat": [10.164673805236816,8.3542995452880859,5.7600898742675781],
    "bleach": [10.243300437927246, 25.058000564575195, 6.769899845123291],
    "power_drill": [ 18.436100006103516, 18.683599472045898, 5.7192001342773438 ],
    "power_drill_with_grip": [ 17.9966002702713, 22.05359935760498, 8.121799677610397 ],
    "klt": [ 14.699999809265137, 19.700000762939453, 29.700000762939453 ],
    "multimeter": [ 17.949999868869781, 8.748800307512283, 4.206399992108345 ],
    "relay": [ 5.7500001043081284, 4.5099999755620956, 10.436400026082993 ],
    "screwdriver": [ 24.500000476837158, 3.4412000328302383, 3.4412000328302383 ],
    "materialbox": [ 17.49889999628067, 12.600299715995789, 8.808000385761261 ],
    "hot_glue_gun": [ 16.4364, 17.7876, 5.2392 ],
}
